some_property_one: 1747.264519
some_property_two: 7.174026
some_property_three: 1.12
